date|open|high|low|close|adj close|volume
2022-12-02|288.54|293.45|288.36|292.55|292.55|53520800
2022-12-01|293.69|295.75|290.88|293.72|293.72|51547300
2022-11-30|280.84|293.47|279.97|293.36|293.36|74387600
2022-11-29|282.94|283.35|279.17|280.57|280.57|35618900
2022-11-28|284.9|286.96|281.76|282.71|282.71|38714200
2022-11-25|287.19|287.91|286.42|286.92|286.92|15498800
2022-11-23|285.97|289.46|285.79|288.82|288.82|46390000
2022-11-22|282.64|286.11|280.46|285.95|285.95|41873400
2022-11-21|283.4|284.58|281.04|281.89|281.89|40083500
2022-11-18|287.89|287.99|282.32|284.82|284.82|53351400
2022-11-17|280.88|286.32|280.72|284.81|284.81|55462100
2022-11-16|287.39|289.48|284.6|285.44|285.44|48859800
2022-11-15|292.21|293.26|285.97|289.39|289.39|73985400
2022-11-14|285.86|289.21|284.44|285.44|285.44|55290700
2022-11-11|282.56|288.64|281.19|287.96|287.96|66871800
2022-11-10|276.01|283.05|273.85|282.75|282.75|99256700
2022-11-09|267.76|268.56|263.03|263.32|263.32|64862100
2022-11-08|269.14|272.85|265.52|269.54|269.54|63213800
2022-11-07|265.75|268.14|263.57|267.59|267.59|47333800
2022-11-04|265.53|266.61|259.08|264.68|264.68|78241000
2022-11-03|263.01|264.5|260.1|260.49|260.49|70038900
2022-11-02|275.08|278.21|265.61|265.68|265.68|79803100
2022-11-01|281.5|282.07|274.74|275.11|275.11|45895900
2022-10-31|278.92|279.76|275.99|277.95|277.95|47742000
2022-10-28|272.23|281.7|272.06|281.22|281.22|62651300
2022-10-27|276.79|278.28|272.34|272.87|272.87|57760300
2022-10-26|278.46|283.98|277.43|277.93|277.93|63492400
2022-10-25|279.41|284.6|277.9|284.21|284.21|59014500
2022-10-24|275.69|279.4|271.97|278.45|278.45|63963600
2022-10-21|267.98|275.97|266.82|275.42|275.42|77897700
2022-10-20|269.58|274.84|267.92|269.11|269.11|60605500
2022-10-19|269.93|273.68|268.07|270.49|270.49|53115400
2022-10-18|276.53|277.21|268.74|271.48|271.48|69781000
2022-10-17|266.84|270.24|266.74|269.35|269.35|64576500
2022-10-14|271.2|271.81|260.14|260.74|260.74|77244300
2022-10-13|255.16|270.17|254.26|268.82|268.82|112894100
2022-10-12|263.4|265.36|261.95|262.66|262.66|50580200
2022-10-11|264.7|267.63|261.03|262.75|262.75|66522500
2022-10-10|269.3|269.7|263.64|266.41|266.41|60393000
2022-10-07|275.02|275.15|267.74|269.1|269.1|71354700
2022-10-06|280.96|284.18|279.43|279.76|279.76|53489400
2022-10-05|278.28|283.81|275.42|281.98|281.98|55766300
2022-10-04|278.99|282.85|278.99|282.13|282.13|66696900
2022-10-03|269.07|275.16|267.53|273.53|273.53|61267400
2022-09-30|271.03|275.19|267.1|267.26|267.26|78482400
2022-09-29|275.86|276.25|268.84|271.87|271.87|81216000
2022-09-28|274.46|281.25|272.95|279.94|279.94|79652100
2022-09-27|277.81|280.21|272.11|274.48|274.48|69780100
2022-09-26|275.03|279.49|273.56|274.37|274.37|71176700
2022-09-23|277.55|277.85|272.02|275.51|275.51|74815200
2022-09-22|282|283.03|278.82|280.07|280.07|62757100
2022-09-21|289.59|293.95|283.42|283.56|283.56|82931000
2022-09-20|288.49|291.07|286.38|288.73|288.73|51271100
2022-09-19|286.1|291.21|286.04|291.05|291.05|52613800
2022-09-16|287.72|289.72|285.62|289.32|288.8|79920400
2022-09-15|294.07|296.53|289.46|291.1|290.58|65299400
2022-09-14|294.87|296.93|293.06|296.03|295.5|54907200
2022-09-13|301.8|303.02|292.79|293.7|293.17|79562200
2022-09-12|308.5|311.08|308.18|310.74|310.18|45905700
2022-09-09|302.83|307.6|300.52|307.09|306.54|56125200
2022-09-08|296.85|301.87|295.45|300.52|299.98|55649800
2022-09-07|293.54|299.99|293.27|298.97|298.43|49260400
2022-09-06|295.66|296.6|290.87|293.05|292.52|57005400
2022-09-02|302.34|303.75|293.52|295.17|294.64|64666800
2022-09-01|296.72|299.78|292.95|299.4|298.86|57990700
2022-08-31|303.99|304.91|299.16|299.27|298.73|50044000
2022-08-30|306.1|306.73|298.44|301.02|300.48|51184500
2022-08-29|304.62|307.22|303.28|304.41|303.86|48321900
2022-08-26|320.28|321.51|307.35|307.44|306.89|69047700
2022-08-25|316.83|320.6|315.76|320.58|320|38098300
2022-08-24|313.61|316.87|312.99|315.01|314.44|38057100
2022-08-23|314.12|317|313.33|314.1|313.54|39497100
2022-08-22|318.5|318.74|313.53|314.36|313.8|51098900
2022-08-19|326.17|326.84|322.08|322.86|322.28|51770600
2022-08-18|328.44|330.49|326.79|329.28|328.69|41937200
2022-08-17|329.07|331.43|326.36|328.49|327.9|47842200
2022-08-16|332.06|334.42|329.16|332.28|331.68|41186900
2022-08-15|329.42|333.57|329.4|333.06|332.46|38266600
2022-08-12|326.18|330.59|325.1|330.39|329.8|40928400
2022-08-11|328.31|330.36|323.36|324.08|323.5|45897700
2022-08-10|324.59|326.23|322.06|325.93|325.35|51459600
2022-08-09|318.77|319.03|315.42|317.08|316.51|39764200
2022-08-08|322.69|326.47|319.21|320.71|320.13|43878500
2022-08-05|319.19|323.83|318.39|321.75|321.17|53894000
2022-08-04|322.97|324.72|320.77|324.4|323.82|38973700
2022-08-03|316.05|323.73|315.99|322.89|322.31|53735700
2022-08-02|312.92|318.55|311.84|314.33|313.77|48676500
2022-08-01|313.65|318.81|312.53|315.27|314.7|46358800
2022-07-29|311.39|316.39|309.93|315.46|314.89|57501000
2022-07-28|306.59|310.4|302.75|309.81|309.25|55139900
2022-07-27|299.04|308.54|298.46|306.81|306.26|69304400
2022-07-26|298.53|298.79|293.54|294.37|293.84|50074100
2022-07-25|302.02|302.5|298.22|300.27|299.73|40582400
2022-07-22|306.43|308.55|300.12|301.99|301.45|57127700
2022-07-21|303.5|307.44|300.78|307.38|306.83|55049400
2022-07-20|298.73|304.24|297.93|303.03|302.49|67769400
2022-07-19|293.11|298.6|291.47|298.3|297.76|55172600
2022-07-18|294.72|296.16|288.2|289.4|288.88|59519600
2022-07-15|289.73|291.98|288.08|291.87|291.35|63818100
2022-07-14|282.99|287.56|279.8|286.67|286.16|63741800
2022-07-13|280.6|288.05|280.02|285.65|285.14|73939400
2022-07-12|290.32|292.28|284.61|286.24|285.73|55797100
2022-07-11|292.88|293.11|288.14|289.04|288.52|55273900
2022-07-08|292.08|296.75|291.12|295.35|294.82|59895500
2022-07-07|289.63|295.7|289.63|294.98|294.45|56620100
2022-07-06|287.35|290.95|285.59|288.8|288.28|63194700
2022-07-05|278.31|287.08|276.75|286.96|286.45|61829300
2022-07-01|278.95|282.53|277.03|282.13|281.62|56675100
2022-06-30|280.75|283.94|275.78|280.28|279.78|79313600
2022-06-29|283.4|285.34|280.84|283.8|283.29|57302700
2022-06-28|293|295.65|283.35|283.54|283.03|61609800
2022-06-27|296|296.58|291.29|292.45|291.93|54151500
2022-06-24|287.74|295.04|287.5|294.61|294.08|58422300
2022-06-23|283.21|285.72|280.31|284.85|284.34|57457800
2022-06-22|278.52|285.18|277.91|280.67|280.17|67472900
2022-06-21|278.75|283.45|278.64|281.08|280.58|51633700
2022-06-17|272.18|277.19|270.51|274.69|273.67|82703400
2022-06-16|275.59|276.06|269.28|271.39|270.38|81910300
2022-06-15|279.42|286.83|276.61|282.8|281.75|86051400
2022-06-14|277.66|278.66|273.34|275.91|274.89|64697500
2022-06-13|279.75|282.34|274.53|275.41|274.39|94442000
2022-06-10|293.65|294.87|288.38|288.84|287.77|85963500
2022-06-09|305.91|309.05|299.23|299.4|298.29|55900500
2022-06-08|309.05|311.72|306.77|307.64|306.5|38342100
2022-06-07|303.81|310.67|302.69|309.87|308.72|44900300
2022-06-06|310.75|312.35|305.62|307.22|306.08|51785000
2022-06-03|309.03|310.47|304.92|306.2|305.06|60914700
2022-06-02|304.85|314.56|303.4|314.38|313.21|59291300
2022-06-01|310.47|312.65|303.73|306|304.87|65341700
2022-05-31|309.07|311.33|304.33|308.28|307.14|60968300
2022-05-27|302.54|309.25|302.42|309.1|307.95|66985600
2022-05-26|290.44|300.92|290.15|299.33|298.22|59462200
2022-05-25|285.71|293.39|285.5|291.26|290.18|67144500
2022-05-24|288.13|288.86|282.25|287.24|286.17|73491100
2022-05-23|289.75|293.87|287.29|293.48|292.39|63648400
2022-05-20|293.13|293.8|280.21|288.68|287.61|91764200
2022-05-19|289.29|294.39|287.58|289.58|288.51|79920700
2022-05-18|301.54|302.25|289.85|291.14|290.06|79477100
2022-05-17|304.45|306.56|300.55|306.17|305.03|62715300
2022-05-16|300.15|302.26|297.13|298.44|297.33|59190400
2022-05-13|295.72|303|294.08|301.94|300.82|83684900
2022-05-12|287.45|295.75|284.94|291.15|290.07|120910900
2022-05-11|298.44|304.09|290.95|291.84|290.76|140326100
2022-05-10|304.51|305.76|296.57|300.76|299.64|124124600
2022-05-09|303.48|309.35|295.72|297.15|296.05|113387300
2022-05-06|310.95|315.09|305.11|309.25|308.1|139572800
2022-05-05|325.17|325.25|309.62|313|311.84|154607400
2022-05-04|319.31|330.29|313.89|329.6|328.38|116083400
2022-05-03|318.5|321.17|315.98|318.82|317.64|78185500
2022-05-02|312.83|318.72|309.65|318.48|317.3|115511800
2022-04-29|323.7|327.23|312.6|313.25|312.09|91977900
2022-04-28|321.85|329.89|317.52|328.01|326.79|99450000
2022-04-27|317.24|322.88|315|316.76|315.59|111204200
2022-04-26|327.47|327.66|316.86|317.14|315.96|105819600
2022-04-25|323.73|329.9|322.43|329.58|328.36|101755900
2022-04-22|334.31|335.56|324.96|325.4|324.19|82562100
2022-04-21|345.19|347.87|333.2|334.15|332.91|75801000
2022-04-20|347.09|347.56|339.96|341.21|339.94|65500000
2022-04-19|338.03|346.85|336.98|346.26|344.98|56515700
2022-04-18|337.35|341.04|335.79|338.69|337.43|58560600
2022-04-14|346.44|346.97|338.21|338.43|337.17|73519400
2022-04-13|339.8|347.43|339.06|346.35|345.07|61367800
2022-04-12|345.76|347.69|338.04|339.45|338.19|72790200
2022-04-11|344.81|345.75|340.54|340.89|339.63|66107400
2022-04-08|352.32|353.09|348.5|349.15|347.86|61956100
2022-04-07|352.24|356.35|348.69|354.1|352.79|63777400
2022-04-06|355.65|356.78|350.56|353.26|351.95|90077100
2022-04-05|367.81|368.54|359.93|361.1|359.76|62738700
2022-04-04|362.71|369.31|362.44|369.3|367.93|45950200
2022-04-01|362.81|363.61|358.59|361.85|360.51|54527800
2022-03-31|367.24|367.6|361.68|362.54|361.2|67011400
2022-03-30|369.28|370.98|365.57|367.09|365.73|68757700
2022-03-29|368.9|371.83|366.06|371.19|369.81|68073000
2022-03-28|359.34|365.01|358.07|364.91|363.56|56833900
2022-03-25|359.59|360.67|354.94|359.35|358.02|57584200
2022-03-24|353.8|359.7|351.59|359.65|358.32|53555300
2022-03-23|354.01|357.66|351.77|351.83|350.53|70615500
2022-03-22|350.59|357.85|350.2|356.96|355.64|63345900
2022-03-21|350.2|352.48|345.58|350.08|348.78|73799100
2022-03-18|342.74|351.79|341.55|351.49|349.75|85446300
2022-03-17|338.37|344.5|337.04|344.44|342.74|67810000
2022-03-16|332.17|340.44|328.4|340.32|338.64|105243000
2022-03-15|320.88|328.95|319.23|328.15|326.53|76471000
2022-03-14|323.13|326.59|317.45|318.17|316.6|79802600
2022-03-11|334.32|334.64|323.9|324.4|322.8|66228400
2022-03-10|330.82|332.51|326.71|331.27|329.63|69362700
2022-03-09|331.75|336.38|329.09|334.99|333.34|64723400
2022-03-08|324.05|333.21|319.94|323.35|321.75|116153900
2022-03-07|337.29|338.48|324.65|324.86|323.26|89933800
2022-03-04|339.84|341.31|334.92|337.3|335.63|76936300
2022-03-03|349.93|350.04|340.35|342.26|340.57|71089400
2022-03-02|343.08|348.59|340.24|347.22|345.51|70609000
2022-03-01|345.75|348.08|338.9|341.49|339.8|67407000
2022-02-28|342.51|348.54|341.32|346.8|345.09|77515500
2022-02-25|341.31|345.98|337.39|345.77|344.06|78842100
2022-02-24|318.84|341.04|318.26|340.49|338.81|130614100
2022-02-23|341.32|342.18|329.1|329.42|327.79|86215400
2022-02-22|338.49|344.04|334.35|338.08|336.41|85967100
2022-02-18|346.41|346.81|339.14|341.51|339.82|80001500
2022-02-17|352.74|353.46|345.02|345.45|343.74|61801400
2022-02-16|353.82|357.09|350.71|356.04|354.28|58947100
2022-02-15|352.91|356.37|351.82|356.13|354.37|55128800
2022-02-14|346.49|350.98|343.89|347.49|345.77|80254400
2022-02-11|358.43|360.07|345.8|347.06|345.35|101569100
2022-02-10|359.52|366.49|356.54|358.43|356.66|112468500
2022-02-09|363.76|366.81|362.12|366.73|364.92|55766400
2022-02-08|353.96|360.24|352.8|359.12|357.35|64720900
2022-02-07|358.62|361.05|353.84|355.13|353.38|58198100
2022-02-04|354.08|361.4|351.97|358.01|356.24|86318300
2022-02-03|358.53|361.93|352.46|353.55|351.8|95384800
2022-02-02|369.76|370.1|364.29|368.49|366.67|78777100
2022-02-01|364.43|366.19|359.14|365.52|363.71|74433000
2022-01-31|353.2|363.65|351.52|363.05|361.26|94326400
2022-01-28|343.03|352.02|337.95|351.8|350.06|108167900
2022-01-27|349.4|351.27|340.05|341.1|339.42|95255700
2022-01-26|352.91|356.88|340.78|344.57|342.87|146559500
2022-01-25|346.67|351.03|341.68|345.11|343.41|124398400
2022-01-24|345.91|353.98|334.15|353.3|351.55|198685800
2022-01-21|359.47|362.18|351.4|351.69|349.95|143388900
2022-01-20|369.79|373.87|361.17|361.72|359.93|88610700
2022-01-19|372.15|374.69|366.21|366.48|364.67|81791500
2022-01-18|374.04|376.22|369.77|370.55|368.72|75450900
2022-01-14|375.07|380.35|374.86|380.01|378.13|80121200
2022-01-13|388.77|389.47|376.7|377.66|375.79|77994000
2022-01-12|388.46|390.2|385.01|387.35|385.44|54576400
2022-01-11|379.36|385.99|377.22|385.82|383.91|68295700
2022-01-10|374.82|380.64|369.31|380.11|378.23|91770500
2022-01-07|384.03|385.76|378.04|379.86|377.98|72652300
2022-01-06|382.42|387.35|380.13|384.02|382.12|70814300
2022-01-05|394.74|395.89|384.03|384.29|382.39|75739800
2022-01-04|402.24|402.28|393.29|396.47|394.51|58027200
2022-01-03|399.05|401.94|396.88|401.68|399.7|40575900
2021-12-31|399.66|401.06|397.34|397.85|395.88|34752900
2021-12-30|401.33|403.57|399.75|400.35|398.37|23850100
2021-12-29|401.75|403.05|399.11|401.55|399.57|32248500
2021-12-28|404.4|404.58|400.71|401.61|399.63|33113700
2021-12-27|398.25|403.48|398.22|403.48|401.49|32820700
2021-12-23|394.31|398.43|394.14|396.92|394.96|29595500
2021-12-22|388.91|394.16|388.23|393.95|392|37042200
2021-12-21|384.05|389.53|380.2|389.21|387.29|48899500
2021-12-20|379.57|381.5|377.47|380.69|378.81|65336800
2021-12-17|383.33|389.19|381.77|384.91|382.52|80492500
2021-12-16|398.04|398.48|385.21|386.84|384.44|82591400
2021-12-15|387.94|397.42|383.88|397.05|394.58|73858000
2021-12-14|387.3|390.09|383.63|388.2|385.79|75199200
2021-12-13|398|398.33|391.88|392.26|389.82|50166400
2021-12-10|396.62|398.28|393.36|398.01|395.54|52545800
2021-12-09|398.35|400.2|393.53|393.73|391.29|49973700
2021-12-08|398.17|399.82|396.22|399.61|397.13|39204000
2021-12-07|393.03|398.46|392.99|397.83|395.36|56005300
2021-12-06|383.63|387.6|379.3|386.2|383.8|67588800
2021-12-03|391.31|392.34|378.9|383.13|380.75|105349100
2021-12-02|385.8|391.74|384.34|389.91|387.49|84416600
2021-12-01|398.28|400.48|386.64|387.12|384.72|77766500
2021-11-30|398.78|401.19|391.75|393.82|391.38|81332700
2021-11-29|395.89|400.73|395.14|399.69|397.21|54447100
2021-11-26|396.11|397.54|389.77|391.2|388.77|51533300
2021-11-24|394.93|399.05|392.54|398.76|396.28|46954400
2021-11-23|398.11|400.23|392.92|397.48|395.01|70098700
2021-11-22|405.57|408.71|399.19|399.3|396.82|61715400
2021-11-19|403.43|405.3|402.58|403.99|401.48|45191700
2021-11-18|399.73|402.27|397.45|401.75|399.26|45721500
2021-11-17|397.75|399.72|396.64|397.63|395.16|28703300
2021-11-16|393.86|397.93|393.66|397.42|394.95|27872900
2021-11-15|395.91|396.24|392.1|394.61|392.16|33716900
2021-11-12|391.77|395.25|390.13|394.7|392.25|34730600
2021-11-11|392.57|392.75|390.24|390.59|388.17|32243000
2021-11-10|392.47|395.36|387.53|389.51|387.09|54937400
2021-11-09|399.16|399.57|393.92|395.32|392.87|50490700
2021-11-08|398.57|399.62|397.4|398.06|395.59|29256300
2021-11-05|400.04|400.99|397.16|398.6|396.13|43383800
2021-11-04|394.48|399.2|393.92|398.22|395.75|40265300
2021-11-03|389.55|393.61|388.48|393.18|390.74|33748900
2021-11-02|386.8|389.54|386.75|389.05|386.63|25135300
2021-11-01|386.56|387.56|384.42|387.43|385.02|30765300
2021-10-29|381.06|386.28|380.7|386.11|383.71|37310100
2021-10-28|381.95|384.48|381.16|384.22|381.83|38007000
2021-10-27|379.58|383.15|379.31|380|377.64|45760500
2021-10-26|380.23|382.71|377.91|379.12|376.77|47191300
2021-10-25|375.56|378.87|373.56|377.93|375.58|32597800
2021-10-22|375.98|376.97|372.39|374.1|371.78|36275800
2021-10-21|374.16|377.47|373.85|377.27|374.93|25469300
2021-10-20|375.94|376.57|373.46|374.98|372.65|31390300
2021-10-19|373.75|375.52|372.7|375.47|373.14|29091000
2021-10-18|367.61|372.87|366.99|372.65|370.34|34513500
2021-10-15|367.88|369.06|366.82|368.94|366.65|40419900
2021-10-14|363.69|366.85|363.01|366.63|364.35|43433900
2021-10-13|359.51|360.69|357.43|360|357.76|40120800
2021-10-12|359.88|360.33|356.48|357.14|354.92|43905100
2021-10-11|359.58|363.2|358.3|358.39|356.16|34847200
2021-10-08|364.08|364.32|360.61|361.16|358.92|41822300
2021-10-07|362.8|365.69|362.25|362.97|360.72|39411200
2021-10-06|354.08|359.95|353.15|359.67|357.44|56806500
2021-10-05|353.71|359.69|353.48|357.38|355.16|47232900
2021-10-04|358.52|358.86|350.32|352.62|350.43|76766000
2021-10-01|358.6|361.25|354.38|360.18|357.94|56375500
2021-09-30|360.97|362.68|357.1|357.96|355.74|61384600
2021-09-29|361.17|363.37|358.64|359.28|357.05|58076600
2021-09-28|365.67|370.3|359.35|359.87|357.64|97701600
2021-09-27|370.2|371.25|367.73|370.35|368.05|43338100
2021-09-24|370.65|373.76|370.27|373.33|371.01|36056800
2021-09-23|370.76|374.04|370.1|372.98|370.66|44652000
2021-09-22|367.09|371.07|365.96|369.57|367.28|46972900
2021-09-21|367.58|368.81|364.99|366.15|363.88|41927500
2021-09-20|367.46|369.25|360.93|365.7|363.43|76203200
2021-09-17|377.82|377.87|372.76|373.83|371.1|60912300
2021-09-16|376.68|378.9|374.7|378.31|375.54|35193100
2021-09-15|375.73|378.41|373.37|378.05|375.29|34097900
2021-09-14|377.86|378.61|374.28|375.26|372.52|41826600
2021-09-13|378.99|379.43|374.22|376.33|373.58|48741800
2021-09-10|381.23|381.97|376.25|376.59|373.84|40249400
2021-09-09|381.01|382.15|379.22|379.47|376.7|29399000
2021-09-08|381.93|381.93|378.45|380.78|378|32949200
2021-09-07|381.68|382.78|380.49|382.11|379.32|23970200
2021-09-03|379.22|381.98|379.2|381.57|378.78|24605400
2021-09-02|381.97|382.31|379.15|380.4|377.62|25453400
2021-09-01|381.04|382.71|380.37|380.58|377.8|28138300
2021-08-31|380.51|380.58|378.36|379.95|377.17|29628200
2021-08-30|376.85|380.76|376.83|380.26|377.48|27295700
2021-08-27|373.07|376.56|372.57|376.04|373.29|27104700
2021-08-26|373.92|374.62|371.97|372.42|369.7|29133300
2021-08-25|374.63|375.39|373.86|374.8|372.06|20441900
2021-08-24|373.84|374.99|373.36|374.37|371.63|21732900
2021-08-23|368.8|373.94|368.79|373.23|370.5|34034700
2021-08-20|365.06|368.14|364.74|367.73|365.04|39486000
2021-08-19|360.22|365.68|359.96|363.96|361.3|48499400
2021-08-18|365.18|366.62|361.87|362.21|359.56|38541900
2021-08-17|366.15|367.15|363.23|365.73|363.06|44793900
2021-08-16|367.67|369.02|363.7|368.98|366.28|34856900
2021-08-13|367.89|369.16|367.38|368.82|366.12|19336200
2021-08-12|365.69|367.9|364.3|367.53|364.84|25969200
2021-08-11|368.14|368.65|364.84|366.21|363.53|34249800
2021-08-10|369.26|369.56|365.62|366.84|364.16|35130800
2021-08-09|368.52|369.27|367.39|368.73|366.03|25960200
2021-08-06|368.37|369.37|366.91|368.05|365.36|33332100
2021-08-05|368.18|369.91|367.45|369.67|366.97|21443900
2021-08-04|366.77|368.32|365.63|367.34|364.66|29602200
2021-08-03|365.28|366.93|362|366.81|364.13|35558500
2021-08-02|366.28|366.88|363.87|364.6|361.94|27334100
2021-07-30|362.44|365.17|362.41|364.57|361.91|36484600
2021-07-29|365.25|367.68|365.25|366.48|363.8|25672500
2021-07-28|365.6|367.45|363.24|365.83|363.16|42066200
2021-07-27|368.22|368.22|360.16|364.43|361.77|57933100
2021-07-26|367.49|368.89|366.6|368.49|365.8|28438100
2021-07-23|365.31|368.49|363.92|368.2|365.51|31960800
2021-07-22|361.77|363.96|361.77|363.95|361.29|30252200
2021-07-21|358.35|361.56|358.12|361.56|358.92|30259900
2021-07-20|355.63|360.28|353.8|358.79|356.17|42183700
2021-07-19|354.05|355.18|352.04|354.67|352.08|64404600
2021-07-16|361.4|362.41|357.24|357.6|354.99|47262000
2021-07-15|362.98|363.19|358.46|360.52|357.88|53391600
2021-07-14|364.83|365.49|362.22|363.07|360.42|35336400
2021-07-13|362.03|365.47|361.54|362.42|359.77|39723000
2021-07-12|362.45|362.89|360.83|362.42|359.77|25717700
2021-07-09|358.17|361.5|357.57|361.01|358.37|35184500
2021-07-08|355.74|359.65|354.42|358.77|356.15|50890000
2021-07-07|362.45|362.76|358.94|360.95|358.31|35265200
2021-07-06|359.26|360.48|356.49|360.19|357.56|38842400
2021-07-02|356.52|358.97|356.28|358.64|356.02|32727200
2021-07-01|354.07|355.09|352.68|354.57|351.98|29290000
2021-06-30|354.83|355.23|353.83|354.43|351.84|32724000
2021-06-29|353.53|355.02|352.67|354.99|352.4|29426000
2021-06-28|350.78|353.85|350.72|353.71|351.12|39130300
2021-06-25|350.47|350.72|348.84|349.46|346.91|28682800
2021-06-24|349.73|351.46|349.17|349.89|347.33|32581600
2021-06-23|347.51|348.92|346.88|347.74|345.2|27188500
2021-06-22|344.15|348.03|343.84|347.57|345.03|28941600
2021-06-21|342.43|344.69|340.15|344.36|341.84|32992600
2021-06-18|343.63|344.81|341.86|342.63|339.73|55414900
2021-06-17|339.97|346.38|339.92|345.34|342.42|59722700
2021-06-16|342.74|343.84|337.45|341.01|338.13|55399500
2021-06-15|344.15|344.47|341.52|342.26|339.36|35963800
2021-06-14|341.68|344.52|340.46|344.51|341.6|27827700
2021-06-11|340.36|341.25|339.69|341.24|338.35|21222800
2021-06-10|337.19|340.46|336.73|340.35|337.47|33702100
2021-06-09|338.17|338.97|336.65|336.84|333.99|21485300
2021-06-08|338.4|339.29|335.03|336.76|333.91|27282800
2021-06-07|335.05|336.66|334.34|336.6|333.75|32611900
2021-06-04|331.85|336.06|331.78|335.6|332.76|38736500
2021-06-03|330.55|331.86|328.28|330|327.21|37057800
2021-06-02|333.25|334.34|331.7|333.47|330.65|22047900
2021-06-01|335.3|335.79|331.43|332.82|330|31145400
2021-05-28|334.12|335.57|333.6|333.93|331.11|29927400
2021-05-27|333.67|334.54|332.67|332.88|330.06|27931700
2021-05-26|333.66|334.61|332.95|334.13|331.3|25444900
2021-05-25|334.07|334.81|331.76|332.97|330.15|31280300
2021-05-24|329.37|333.67|326.9|332.51|329.7|32475800
2021-05-21|330.43|330.86|326.64|327.01|324.24|50330400
2021-05-20|324.12|329.71|323.89|328.83|326.05|46466100
2021-05-19|316.66|322.9|316.3|322.59|319.86|66319100
2021-05-18|325.39|326.65|321.94|322.22|319.49|36528500
2021-05-17|324.63|326.37|321.45|324.41|321.67|39395000
2021-05-14|322.6|327.33|322.08|326.39|323.63|44370000
2021-05-13|319.92|322.4|316.9|319.34|316.64|69877800
2021-05-12|320.23|322.62|316|316.89|314.21|91164900
2021-05-11|319.7|326.13|319.02|325.31|322.56|71963600
2021-05-10|332.78|332.96|325.55|325.76|323|60700500
2021-05-07|334.37|336.65|331.69|334.2|331.37|53324500
2021-05-06|328.76|331.67|326.45|331.51|328.71|46814300
2021-05-05|332.25|333.14|328.23|329.03|326.25|46219300
2021-05-04|333.56|333.89|326.21|330.14|327.35|65147000
2021-05-03|339.23|340|335.73|336.19|333.35|29729700
2021-04-30|337.7|340.26|337.05|337.99|335.13|38263400
2021-04-29|342.37|342.8|336.9|340.22|337.34|37708900
2021-04-28|339.81|340.85|338.33|339|336.13|33615700
2021-04-27|341.93|342.15|339.17|340.15|337.27|33187200
2021-04-26|339.67|341.92|338.9|341.63|338.74|30812000
2021-04-23|335.85|340.77|335.85|339.42|336.55|36381900
2021-04-22|338.89|339.9|334.01|335.2|332.36|45936100
2021-04-21|335.09|339.48|333.97|339.29|336.42|36598100
2021-04-20|338.2|339.52|334.38|336.41|333.56|38081800
2021-04-19|340.39|341.58|336.9|338.88|336.01|34533100
2021-04-16|342.15|342.23|340.08|342.01|339.12|40860100
2021-04-15|339.47|342.01|336.22|341.61|338.72|36342800
2021-04-14|340.85|340.98|335.67|336.51|333.66|42564300
2021-04-13|338.24|341.08|338.02|340.6|337.72|30374000
2021-04-12|336.04|337.1|334.73|336.67|333.82|25833000
2021-04-09|333.68|337.32|332.92|337.11|334.26|36664900
2021-04-08|334.56|335.27|333.74|335.08|332.25|29940800
2021-04-07|330.33|332.48|329.37|331.62|328.81|32046400
2021-04-06|330.73|332.83|330.02|330.82|328.02|33537200
2021-04-05|327.13|331.84|326.88|331.05|328.25|42172500
2021-04-01|323.07|324.71|322.81|324.57|321.82|55685600
2021-03-31|316.16|320.74|315.81|319.13|316.43|55032500
2021-03-30|313.89|314.91|311.54|314.32|311.66|44635700
2021-03-29|315.45|316.99|312.47|315.91|313.24|54608000
2021-03-26|311.11|316.33|309.67|316|313.33|63519600
2021-03-25|309.97|312.89|307.39|311.33|308.7|78729000
2021-03-24|318.63|318.67|311.72|311.87|309.23|64803700
2021-03-23|319.73|321.09|316.38|317.22|314.54|53455400
2021-03-22|315.21|320.74|315.21|318.61|315.91|56194800
2021-03-19|311.87|314.73|309.66|313.14|310.1|78446200
2021-03-18|316.87|317.88|311.57|312.04|309.01|82718100
2021-03-17|317.45|323.85|315.68|321.9|318.77|78258700
2021-03-16|321.09|324.2|319.1|320.58|317.47|54925900
2021-03-15|315.79|319|314.1|318.83|315.73|42955700
2021-03-12|313.86|318.23|311.39|315.46|312.4|69315600
2021-03-11|315.77|319.86|314.85|318.04|314.95|53484800
2021-03-10|316.16|316.47|310.17|310.88|307.86|76798100
2021-03-09|307.47|313.73|306.92|311.77|308.74|80391100
2021-03-08|308.12|310.06|299.51|299.94|297.03|88409800
2021-03-05|306.8|309.61|297.45|308.68|305.68|121523700
2021-03-04|308.78|312.04|300.11|304.1|301.15|139131600
2021-03-03|317.27|318.24|309.1|309.16|306.16|86301100
2021-03-02|324.25|324.33|318.14|318.4|315.31|48370000
2021-03-01|319.27|323.94|317.94|323.59|320.45|49164500
2021-02-26|315.85|319.11|310.88|314.14|311.09|104739800
2021-02-25|321.39|324.03|311.24|312.83|309.79|110182600
2021-02-24|318.74|324.45|315.96|324.13|320.98|58206300
2021-02-23|317|323.2|311|321.48|318.36|97241900
2021-02-22|326.5|327.8|322.23|322.44|319.31|47256900
2021-02-19|333.86|333.99|329.97|331.02|327.81|39157700
2021-02-18|330.23|333.87|328.36|332.47|329.24|32236200
2021-02-17|332.47|335.66|330.17|333.93|330.69|31360300
2021-02-16|337.27|338.19|334.34|335.54|332.28|27080800
2021-02-12|333.71|336.62|332.63|336.45|333.18|20346800
2021-02-11|334.33|335|332.12|334.58|331.33|22046100
2021-02-10|334.99|335.46|329.5|332.75|329.52|28068700
2021-02-09|332.62|334.81|332.61|333.51|330.27|17597500
2021-02-08|333.1|333.74|331.41|333.58|330.34|20462800
2021-02-05|331.22|332.4|329.53|331.36|328.14|22732000
2021-02-04|327.82|330.33|326.46|330.24|327.03|22350900
2021-02-03|329.82|330.2|326.32|326.38|323.21|24824500
2021-02-02|325.48|328.87|325.31|327.68|324.5|33930800
2021-02-01|318.11|323.54|316.02|322.42|319.29|35646000
2021-01-29|319.58|320.72|312.76|314.56|311.51|55259000
2021-01-28|320.67|326.42|320.03|321.32|318.2|42836300
2021-01-27|326.26|326.27|317.36|319.43|316.33|55264000
2021-01-26|328.85|329.76|327.22|328.59|325.4|25498100
2021-01-25|328.91|330.32|321.41|328.11|324.92|39080600
2021-01-22|325.29|326.46|324.71|325.42|322.26|21609400
2021-01-21|325.15|327.13|323.73|326.36|323.19|25130600
2021-01-20|320.14|324.74|316.51|323.77|320.63|30728100
2021-01-19|314.25|316.93|313.12|316.41|313.34|24537000
2021-01-15|314.13|315.12|310.58|311.86|308.83|35118700
2021-01-14|316.5|317.53|313.86|314.35|311.3|23500100
2021-01-13|314.19|316.86|313.57|316.04|312.97|22898400
2021-01-12|314.46|315.58|311.2|313.92|310.87|29266800
2021-01-11|315.98|317.19|313.75|314.42|311.37|32746400
2021-01-08|317.34|319.39|315.08|319.03|315.93|33955800
2021-01-07|310.28|315.84|310.25|314.98|311.92|30394800
2021-01-06|307|311.88|305.98|307.54|304.55|52809600
2021-01-05|308.29|312.14|308.29|311.86|308.83|29323400
2021-01-04|315.11|315.29|305.18|309.31|306.31|45305900
2020-12-31|312.87|314.24|311.76|313.74|310.69|21611400
2020-12-30|314.16|314.49|312.33|312.97|309.93|18138100
2020-12-29|314.05|314.69|312.03|312.96|309.92|25871900
2020-12-28|312.25|313.17|310.36|312.68|309.64|22497700
2020-12-24|308.47|310.02|308.39|309.56|306.55|16785000
2020-12-23|309.81|310.18|308.04|308.2|305.21|21201300
2020-12-22|309.85|310.71|306.85|309.76|306.75|26176300
2020-12-21|306.46|309.47|303.6|308.92|305.92|37095500
2020-12-18|311.66|311.98|307.61|310.06|306.49|41173400
2020-12-17|310.63|311.24|309.39|311|307.42|23730500
2020-12-16|307.7|309.79|306.62|308.98|305.43|25461900
2020-12-15|306.37|307.29|304.11|307.29|303.76|25709000
2020-12-14|303.08|306.05|303.01|304.04|300.54|28804800
2020-12-11|300.81|301.98|298.47|301.85|298.38|26760400
2020-12-10|299.21|303.68|298.09|302.52|299.04|27519500
2020-12-09|308.07|308.36|300.21|301.31|297.84|48839300
2020-12-08|306.76|308.6|304.95|308.29|304.74|18341500
2020-12-07|305.71|307.63|305.52|307.25|303.72|20851000
2020-12-04|304.33|305.67|303.63|305.52|302.01|19332100
2020-12-03|304.17|305.88|303.53|304.28|300.78|22828700
2020-12-02|302.25|304.2|300.35|303.85|300.36|23620000
2020-12-01|301.97|305.14|300.83|303.46|299.97|27521300
2020-11-30|299.34|299.97|294.78|299.62|296.17|27836200
2020-11-27|298.31|300.17|297.9|299.01|295.57|17163100
2020-11-25|295.57|296.94|294.59|296.28|292.87|23326800
2020-11-24|291.49|294.98|289.63|294.47|291.08|24516800
2020-11-23|291.41|292.75|288.07|290.39|287.05|26875600
2020-11-20|292.3|293.07|290.29|290.38|287.04|25907300
2020-11-19|289.54|292.7|288.85|292.38|289.02|22718400
2020-11-18|291.7|293.37|290.02|290.11|286.77|28069600
2020-11-17|293.4|293.74|291.61|292.27|288.91|21843500
2020-11-16|290.62|293.51|289.99|293.2|289.83|30168400
2020-11-13|290.17|291.57|287.87|290.93|287.58|24806900
2020-11-12|290.76|292.07|287.25|288.4|285.08|34414600
2020-11-11|286.03|290.25|283.38|289.76|286.43|36102900
2020-11-10|285.17|286.66|280.62|283.42|280.16|69024900
2020-11-09|297.65|299.14|288.12|288.59|285.27|86537100
2020-11-06|293.71|295.36|289.83|294.61|291.22|40959800
2020-11-05|293.53|295.39|292|294.39|291|52054200
2020-11-04|283.59|288.77|281.87|286.91|283.61|75728200
2020-11-03|271.96|276.82|270.84|274.65|271.49|43604100
2020-11-02|271.85|273.52|266.97|269.98|266.87|39987400
2020-10-30|274.34|275.24|267.07|269.38|266.28|65838300
2020-10-29|273|279.49|272.52|276.39|273.21|43246300
2020-10-28|278.01|278.64|271.38|271.64|268.52|53413500
2020-10-27|281.5|283.51|280.2|282.66|279.41|30559100
2020-10-26|282.38|285.3|276.76|280.47|277.24|38421100
2020-10-23|284.77|284.91|281.78|284.74|281.46|24658500
2020-10-22|285.05|285.98|280.82|284.18|280.91|32196200
2020-10-21|284.67|287.32|283.69|284.19|280.92|29306100
2020-10-20|284.56|287.62|282.95|284.41|281.14|32195400
2020-10-19|290.49|291.48|282.79|283.8|280.54|36756800
2020-10-16|291.8|293.27|288.15|288.51|285.19|40570700
2020-10-15|287.2|290.71|286.54|290.1|286.76|42514200
2020-10-14|295.35|296.35|290.26|292.06|288.7|36949100
2020-10-13|296.39|297.05|293.11|294.52|291.13|64240000
2020-10-12|290.55|297.46|289.47|294.53|291.14|79370700
2020-10-09|283.11|285.79|282.71|285.71|282.42|30201100
2020-10-08|282.4|282.47|280.31|281.41|278.17|25443300
2020-10-07|277.89|280.74|277.28|279.92|276.7|27539700
2020-10-06|279.45|281.19|274.25|275.16|272|49704200
2020-10-05|276.34|280.49|276.23|280.16|276.94|28184600
2020-10-02|276.02|282.24|273.44|274.31|271.15|75497400
2020-10-01|281.79|282.88|279.84|282.25|279|50020200
2020-09-30|276.15|281.09|275.87|277.84|274.64|49380800
2020-09-29|276.62|277.71|275.37|275.95|272.78|27050000
2020-09-28|276.58|277.2|271.67|277.2|274.01|58438300
2020-09-25|265.91|272.4|264.3|271.56|268.44|55242400
2020-09-24|261.39|268.7|261.22|265.39|262.34|70631700
2020-09-23|272.15|272.34|263.25|264.16|261.12|48837300
2020-09-22|269.99|273.08|266.54|272.48|269.35|41128900
2020-09-21|262.47|267.65|260.11|267.51|264.43|57168600
2020-09-18|271.79|272.09|262.63|266.87|263.8|86251100
2020-09-17|267.55|274.4|266.68|270.32|267.21|81570800
2020-09-16|279.88|280.36|274.25|274.61|271.45|42321000
2020-09-15|279.03|280.45|275.13|279.06|275.85|41849900
2020-09-14|274.36|277.22|272.96|275.16|272|38525200
2020-09-11|274.15|275.22|266.9|270.45|267.34|71809000
2020-09-10|280.94|282.2|270.56|272.34|269.21|69667500
2020-09-09|275.64|280.05|273|277.88|274.68|64837900
2020-09-08|272.22|278.22|269.66|269.95|266.85|99568600
2020-09-04|285.56|288.93|271.8|283.58|280.32|123959000
2020-09-03|298.1|298.62|284.41|287.41|284.1|110083300
2020-09-02|303.28|303.5|296.89|302.76|299.28|50836800
2020-09-01|297.62|300.04|295.79|299.92|296.47|36216200
2020-08-31|293.07|296.75|292.62|294.88|291.49|36321000
2020-08-28|292.33|293.18|290.93|292.53|289.17|28021000
2020-08-27|292.97|293.85|288.71|291.05|287.7|49482700
2020-08-26|287.15|292.22|285.83|291.96|288.6|42216700
2020-08-25|282.83|286.06|282.37|285.86|282.57|34866600
2020-08-24|285.25|286|281.27|283.63|280.37|36418500
2020-08-21|280.13|282.34|279.46|281.87|278.63|34748900
2020-08-20|275.28|280.43|274.86|279.93|276.71|27723400
2020-08-19|277.93|279.02|275.57|276.1|272.92|31999400
2020-08-18|276.42|278.46|274.91|277.97|274.77|23529500
2020-08-17|273.93|275.84|272.2|275.32|272.15|24803000
2020-08-14|273.12|273.4|270.72|272.16|269.03|30799500
2020-08-13|272.66|274.83|271.51|272.48|269.35|31895700
2020-08-12|267.42|272.84|267.37|271.86|268.73|38773400
2020-08-11|269.11|270.44|264.63|265.19|262.14|43104300
2020-08-10|271.77|271.98|266.67|270.31|267.2|35088400
2020-08-07|274.08|274.88|269.25|271.47|268.35|44969400
2020-08-06|270.85|274.98|270.19|274.64|271.48|28048200
2020-08-05|270.88|271.52|269.96|271.05|267.93|21612100
2020-08-04|268.86|270.48|268.09|270.38|267.27|24911300
2020-08-03|268|270.15|267.87|269.38|266.28|32081600
2020-07-31|265.91|265.95|260.85|265.79|262.73|53686300
2020-07-30|257.74|261.71|256.55|261.13|258.13|41774500
2020-07-29|258.4|260.66|257.91|259.77|256.78|27556900
2020-07-28|259.31|259.85|256.51|256.81|253.86|31302400
2020-07-27|257.26|260.52|256.45|260.12|257.13|36445700
2020-07-24|254.04|256.93|251.32|255.56|252.62|54054500
2020-07-23|264.51|265.24|256.55|258.01|255.04|51363500
2020-07-22|264.51|265.89|262.55|264.93|261.88|29865500
2020-07-21|268.4|268.41|263.13|264|260.96|43243800
2020-07-20|260.08|267.43|258.79|266.78|263.71|40610100
2020-07-17|259.59|260.31|257.17|259.42|256.44|35137900
2020-07-16|258.02|259.78|255.62|259.12|256.14|47594100
2020-07-15|261.83|262.69|257.49|260.9|257.9|54523900
2020-07-14|255.93|260.79|252.76|260.37|257.38|72230500
2020-07-13|266.91|269.79|257.69|258.54|255.57|64108100
2020-07-10|262.03|264.23|259.26|263.97|260.93|32885300
2020-07-09|261.97|262.87|257.63|262.18|259.16|40312900
2020-07-08|257.98|260.02|256.5|259.99|257|30426300
2020-07-07|258.13|260.88|256.3|256.61|253.66|36578200
2020-07-06|255.45|258.93|255.43|258.39|255.42|34589000
2020-07-02|253.02|254.27|251.71|252.19|249.29|31956500
2020-07-01|247.64|251.52|247.08|250.49|247.61|34689200
2020-06-30|242.77|248.16|242.58|247.6|244.75|38909200
2020-06-29|239.97|242.85|237.35|242.84|240.05|34377800
2020-06-26|245.78|245.96|239.68|240.22|237.46|52824600
2020-06-25|243.8|246.34|241.14|246.03|243.2|36940800
2020-06-24|248.06|249.33|242.16|243.71|240.91|46032400
2020-06-23|248.39|251.15|247.82|248.84|245.98|32767400
2020-06-22|243.68|246.87|243.38|246.74|243.9|24068700
2020-06-19|246.73|247|242.45|244.24|241.01|49422100
2020-06-18|243.29|244.53|242.49|244.28|241.05|30578600
2020-06-17|244.4|245.5|242.73|243.62|240.4|34749300
2020-06-16|243.78|244.39|239.1|242.85|239.64|48890100
2020-06-15|232.44|239.45|231.47|238.75|235.59|45307400
2020-06-12|239.09|240.4|231.74|235.88|232.76|72034800
2020-06-11|242.16|243.59|233.96|234.02|230.93|72919400
2020-06-10|245.05|247.82|244.51|246.22|242.97|58084400
2020-06-09|240.66|244.18|240.47|243.3|240.08|35046300
2020-06-08|239.54|241.68|237.91|241.55|238.36|32937300
2020-06-05|236.22|240.3|235.63|239.69|236.52|47365600
2020-06-04|236.33|237.79|233.68|235.03|231.92|38716100
2020-06-03|236.26|237.47|235.35|236.69|233.56|37228700
2020-06-02|234.5|235.69|232.01|235.63|232.52|33383400
2020-06-01|232.46|234.45|232|234.06|230.97|25776000
2020-05-29|230.38|233.6|228.76|233.36|230.28|50691800
2020-05-28|229.11|233.47|229.05|229.99|226.95|42784300
2020-05-27|228.69|230.41|223.94|230.29|227.25|55665600
2020-05-26|233.36|233.57|228.79|229.04|226.01|33055300
2020-05-22|228.45|229.87|227.5|229.66|226.62|28762400
2020-05-21|231.44|232.14|228.34|228.87|225.84|43642900
2020-05-20|229.5|231.76|229.48|231.39|228.33|37417000
2020-05-19|227.7|229.85|226.71|226.86|223.86|36237300
2020-05-18|226.28|228.68|225.47|227.43|224.42|42398100
2020-05-15|218.78|223.33|218.33|223.27|220.32|55747200
2020-05-14|217.97|221.87|215.99|221.83|218.9|51549300
2020-05-13|222.66|224.61|216.71|219.34|216.44|65521200
2020-05-12|227.49|228.1|222.09|222.12|219.18|41054100
2020-05-11|223.49|227.93|223.25|226.87|223.87|35714100
2020-05-08|223.55|225|222.48|224.86|221.89|31852300
2020-05-07|221.82|222.73|220.42|221.82|218.89|38624800
2020-05-06|219.4|221.04|218.11|219|216.11|36455200
2020-05-05|217.44|220.14|216.85|217.66|214.78|37783100
2020-05-04|211.46|215.45|211.12|215.22|212.38|32841000
2020-05-01|214.5|216.67|211.68|212.74|209.93|48795000
2020-04-30|219.95|220.04|217.35|218.91|216.02|43359500
2020-04-29|216.19|219.97|215.14|219|216.11|48716400
2020-04-28|217.32|217.32|211.21|211.5|208.7|46862800
2020-04-27|216.19|216.63|214.5|215.56|212.71|36451700
2020-04-24|210.97|214.3|209.5|213.84|211.01|34231900
2020-04-23|211.79|214.44|210.1|210.52|207.74|43278500
2020-04-22|209.1|212.35|208.33|210.97|208.18|40089100
2020-04-21|210.6|211.16|203.63|204.89|202.18|72932800
2020-04-20|213.36|215.88|212.57|212.74|209.93|38249100
2020-04-17|216.17|216.51|212.08|215.29|212.44|62863200
2020-04-16|211.69|214.37|209.69|213.25|210.43|64657400
2020-04-15|208.48|211.83|207.12|209.43|206.66|47036000
2020-04-14|207.23|212.5|206.42|211.86|209.06|63959600
2020-04-13|200|203.42|198.75|203.03|200.35|42853900
2020-04-09|202.35|203.22|199.03|200.86|198.21|68252600
2020-04-08|198.15|201.17|196.17|200.57|197.92|45940400
2020-04-07|202.37|202.66|196|196.4|193.8|69904500
2020-04-06|190.48|197.65|189.19|196.48|193.88|64763500
2020-04-03|185.55|187.07|181.29|183.37|180.95|47487600
2020-04-02|181.24|190.1|180.97|186.01|183.55|56465300
2020-04-01|184.77|187.66|180.86|182.31|179.9|53715400
2020-03-31|191.72|195.25|189.2|190.4|187.88|62659300
2020-03-30|187.06|192.49|186.34|192.04|189.5|49356900
2020-03-27|186.93|190.51|184.66|185.3|182.85|58845000
2020-03-26|183.87|192.72|183.61|191.9|189.36|79887600
2020-03-25|184.42|189.51|179.98|182.3|179.89|88754900
2020-03-24|179.91|183.83|177.95|183.66|181.23|94881800
2020-03-23|170.92|174.21|164.93|170.46|168.21|124639800
2020-03-20|181.74|182.87|170.1|170.7|168.09|118983900
2020-03-19|175.69|183.49|171.63|177.66|174.94|120896500
2020-03-18|171.61|179.22|166.8|176.6|173.9|114156300
2020-03-17|175.47|184.39|169.78|182.14|179.35|121257100
2020-03-16|174.15|184.68|169.16|169.3|166.71|92054400
2020-03-13|187.07|194.48|178.13|192.34|189.39|134882000
2020-03-12|182.09|190.78|176.94|177.32|174.6|137820700
2020-03-11|199.35|200.75|192.73|195.22|192.23|89168800
2020-03-10|201.11|204.3|193.68|204.11|200.98|100599200
2020-03-09|193.48|201.16|192.11|193.57|190.61|116424000
2020-03-06|204.67|209.15|202.91|208.02|204.83|89828400
2020-03-05|212.69|216.36|210.1|211.59|208.35|78705500
2020-03-04|213.32|218.33|211.37|218.22|214.88|73086200
2020-03-03|217.11|219.61|207.62|209.48|206.27|131953500
2020-03-02|208.88|216.57|205.94|216.42|213.11|112933900
2020-02-28|198.64|207.17|198.17|205.8|202.65|148173700
2020-02-27|210.9|216.42|205.5|205.64|202.49|121822600
2020-02-26|216.71|220.28|214.9|216.48|213.16|79537700
2020-02-25|223.25|223.99|214.74|215.37|212.07|97743000
2020-02-24|221.68|224.25|220.26|221.39|218|84522600
2020-02-21|233.61|234.01|229.32|230.27|226.74|66017200
2020-02-20|236.46|236.95|231.88|234.78|231.18|42604000
2020-02-19|236.13|237.47|235.85|236.98|233.35|22230500
2020-02-18|233.5|235.17|233.25|234.73|231.13|24394500
2020-02-14|234.34|234.86|233.55|234.64|231.05|23438500
2020-02-13|232.64|234.93|232.36|233.97|230.39|22773200
2020-02-12|233.38|234.38|232.8|234.27|230.68|24471300
2020-02-11|233.25|234.02|231.4|232.01|228.46|30198000
2020-02-10|228.44|231.98|228.38|231.97|228.42|21478900
2020-02-07|229.16|230.44|228.54|229.2|225.69|25884900
2020-02-06|228.79|230.25|227.98|230.19|226.66|22467100
2020-02-05|230.21|230.25|226.85|228.22|224.72|38534800
2020-02-04|225.42|227.86|224.65|227.47|223.99|30691200
2020-02-03|220.14|222.89|219.99|222.38|218.97|25408600
2020-01-31|223.53|223.56|218.29|219.07|215.71|52015800
2020-01-30|220.38|222.7|219.69|222.6|219.19|39568100
2020-01-29|222.68|222.93|220.83|221.81|218.41|28924500
2020-01-28|219.64|221.96|219.06|221.45|218.06|26731900
2020-01-27|217.67|219.28|217.18|218.1|214.76|42264400
2020-01-24|225.64|225.88|221.67|222.7|219.29|37436500
2020-01-23|223.74|224.69|222.7|224.59|221.15|26496100
2020-01-22|224.41|225.15|223.59|223.87|220.44|20736400
2020-01-21|222.76|223.84|222.66|223.28|219.86|21146300
2020-01-17|223.28|223.56|222.12|223.38|219.96|24325200
2020-01-16|221.27|222.32|220.8|222.28|218.88|18805000
2020-01-15|220.2|221.2|219.45|220.17|216.8|25742100
2020-01-14|220.84|221.21|219.74|220.08|216.71|24418100
2020-01-13|219.33|220.98|218.98|220.95|217.57|22756900
2020-01-10|219.85|219.87|218.04|218.43|215.08|21898500
2020-01-09|218.94|219.41|217.71|218.99|215.64|23547000
2020-01-08|215.5|218.14|215.16|217.15|213.82|26397300
2020-01-07|215.64|216.14|214.85|215.53|212.23|22139300
2020-01-06|212.5|215.59|212.24|215.56|212.26|21655300
2020-01-03|213.3|215.47|213.28|214.18|210.9|27518900
2020-01-02|214.4|216.16|213.98|216.16|212.85|30969400
2019-12-31|211.53|212.76|211.2|212.61|209.35|18170900
2019-12-30|213.5|213.63|211.16|212.21|208.96|21815500
2019-12-27|214.54|214.56|213.04|213.61|210.34|18134100
2019-12-26|212.26|213.81|212.23|213.79|210.52|17067500
2019-12-24|212|212.09|211.44|211.92|208.67|7089000
2019-12-23|212|212.15|211.63|211.81|208.57|23774700
2019-12-20|211.86|212.52|211.27|211.71|208.02|27672600
2019-12-19|209.64|210.93|209.62|210.86|207.18|17865900
2019-12-18|209.57|210.13|209.33|209.55|205.89|15443300
2019-12-17|209.54|209.71|209.04|209.39|205.74|15996100
2019-12-16|208.55|209.53|208.48|209.27|205.62|21296600
2019-12-13|206.4|207.91|205.96|207.19|203.58|32519400
2019-12-12|204.77|207.32|204.49|206.51|202.91|32612000
2019-12-11|204.36|205.19|204.04|204.98|201.4|18780800
2019-12-10|204.17|204.88|203.44|203.9|200.34|21799800
2019-12-09|204.63|205.59|203.98|204.07|200.51|13984100
2019-12-06|204.31|205.15|204.15|205|201.42|16555300
2019-12-05|203.15|203.15|201.84|202.83|199.29|14962300
2019-12-04|202.44|202.91|202.14|202.43|198.9|15300100
2019-12-03|200.21|201.49|199.23|201.41|197.9|31104100
2019-12-02|205.11|205.18|201.78|203|199.46|28007000
2019-11-29|205.52|205.83|205|205.1|201.52|9854600
2019-11-27|205.14|206.05|204.89|206.04|202.45|16963100
2019-11-26|204.35|204.87|204.05|204.61|201.04|14780600
2019-11-25|202.7|204.26|202.67|204.22|200.66|17752800
2019-11-22|202.2|202.32|200.74|201.83|198.31|17189600
2019-11-21|201.93|202.07|201.07|201.7|198.18|17883600
2019-11-20|202.84|203.45|200.62|202.15|198.62|36629000
2019-11-19|203.84|203.84|202.59|203.37|199.82|16923300
2019-11-18|202.59|203.39|201.77|203.07|199.53|18365900
2019-11-15|202.65|202.91|202|202.91|199.37|18427900
2019-11-14|200.83|201.56|200.22|201.43|197.92|16945400
2019-11-13|200.84|201.78|200.71|201.59|198.07|15774600
2019-11-12|201.13|202.21|200.82|201.54|198.02|14778300
2019-11-11|200.21|201.04|199.94|200.96|197.45|10147600
2019-11-08|200.07|201.25|199.54|201.23|197.72|15258800
2019-11-07|200.76|201.72|199.85|200.43|196.93|17832400
2019-11-06|199.98|200|198.79|199.76|196.27|19725500
2019-11-05|200.35|200.55|199.55|200.21|196.72|15048900
2019-11-04|200.19|200.53|198.87|200.1|196.61|19015900
2019-11-01|197.93|198.88|197.63|198.87|195.4|22131900
2019-10-31|197.56|197.65|195.94|197.08|193.64|26801800
2019-10-30|196.42|197.32|195.29|196.99|193.55|21764300
2019-10-29|197.24|197.54|196.01|196.04|192.62|18569700
2019-10-28|196.55|197.83|196.55|197.57|194.12|18818700
2019-10-25|193.09|195.74|193.05|195.64|192.23|21507100
2019-10-24|193.59|194.21|192.74|194.09|190.7|18998500
2019-10-23|191.46|192.26|191.15|192.22|188.87|14828400
2019-10-22|194.15|194.42|191.79|191.85|188.5|22392300
2019-10-21|192.71|193.52|192.14|193.39|190.02|15801200
2019-10-18|193.2|193.67|190.71|191.69|188.35|27700800
2019-10-17|194.2|194.5|192.81|193.55|190.17|19045200
2019-10-16|192.86|193.53|192.43|193.04|189.67|20457100
2019-10-15|191.68|193.97|191.56|193.52|190.14|23234200
2019-10-14|190.84|191.7|190.65|191.09|187.76|14975000
2019-10-11|190.83|192.63|190.72|191.11|187.78|40976700
2019-10-10|187.28|189.43|187.12|188.68|185.39|25177700
2019-10-09|186.99|188.08|186.43|187.23|183.96|20147400
2019-10-08|187.06|187.86|185.27|185.42|182.19|32379300
2019-10-07|188.27|189.74|187.91|188.24|184.96|21216000
2019-10-04|187.08|189.08|186.88|188.81|185.52|31887600
2019-10-03|184.03|186.21|181.82|186.07|182.82|39392500
2019-10-02|186|186.03|183.02|184.05|180.84|48544300
2019-10-01|189.5|190.59|186.96|187.27|184|32367600
2019-09-30|187.79|189.11|187.4|188.81|185.52|26307700
2019-09-27|189.73|189.83|185.75|187.03|183.77|40773500
2019-09-26|189.83|190|187.98|189.38|186.08|26826000
2019-09-25|187.78|190.58|186.21|190.08|186.76|34704900
2019-09-24|191.37|191.79|187.15|187.97|184.69|40820700
2019-09-23|190.36|191.07|189.72|190.5|187.18|22485900
2019-09-20|193.11|193.31|190.16|190.8|187.09|29086100
2019-09-19|192.86|194.04|192.47|192.84|189.09|26039400
2019-09-18|192.2|192.6|190.11|192.52|188.78|29781300
2019-09-17|191.7|192.6|191.29|192.6|188.86|20953400
2019-09-16|191.3|192.08|191.11|191.68|187.96|20319000
2019-09-13|192.95|193.4|192.29|192.54|188.8|27669800
2019-09-12|193.61|194.71|192.97|193.23|189.48|28689900
2019-09-11|191|192.53|190.56|192.43|188.69|25063600
2019-09-10|190.16|190.74|188.91|190.64|186.94|23744700
2019-09-09|192.19|192.27|190.22|191.19|187.48|24407600
2019-09-06|192.1|192.17|191.17|191.59|187.87|19487800
2019-09-05|190.41|192.33|190.34|191.78|188.05|33932600
2019-09-04|187.44|188.49|186.9|188.33|184.67|21592100
2019-09-03|186.22|187.18|185.03|185.65|182.04|27964200
2019-08-30|188.93|188.97|186.41|187.47|183.83|26319800
2019-08-29|187.39|188.46|186.68|187.92|184.27|25358900
2019-08-28|183.83|185.4|182.91|185.09|181.49|21792400
2019-08-27|186.11|186.42|183.71|184.43|180.85|28012800
2019-08-26|184.14|184.87|183.08|184.82|181.23|27598900
2019-08-23|186.74|188.45|181.56|182.07|178.53|55372400
2019-08-22|188.98|189.46|186.54|188.02|184.37|24243700
2019-08-21|188.61|189.23|187.96|188.63|184.97|20418500
2019-08-20|187.96|188.64|186.92|186.97|183.34|19902900
2019-08-19|188.16|188.83|187.5|188.43|184.77|22494100
2019-08-16|184.21|185.95|184.1|185.48|181.88|32781400
2019-08-15|183|183.59|181.16|182.55|179|36685000
2019-08-14|185.36|185.95|182.42|182.76|179.21|51000500
2019-08-13|184.19|189.68|184.02|188.39|184.73|40241900
2019-08-12|185.34|185.9|183.5|184.35|180.77|24642900
2019-08-09|187.36|188|185.03|186.49|182.87|33608900
2019-08-08|185.08|188.32|184.57|188.26|184.6|38418100
2019-08-07|181.27|184.51|179.89|184.25|180.67|49990600
2019-08-06|182.4|183.8|181.07|183.26|179.7|41897200
2019-08-05|183.43|183.51|179.2|180.73|177.22|75040000
2019-08-02|188.72|188.99|186.21|187.35|183.71|55214000
2019-08-01|191.43|194.98|189.23|190.15|186.46|63251600
2019-07-31|194.3|194.43|189.32|191.1|187.39|41627500
2019-07-30|193.13|194.54|192.99|193.78|190.02|18705000
2019-07-29|195.11|195.18|193.39|194.62|190.84|20451700
2019-07-26|194.53|195.55|194.43|195.29|191.5|20431200
2019-07-25|194.49|194.52|192.93|193.3|189.55|23434700
2019-07-24|193.05|195.16|193.03|195.15|191.36|20422900
2019-07-23|193.58|193.81|192.29|193.79|190.03|23786700
2019-07-22|191.44|192.94|191.44|192.53|188.79|18954900
2019-07-19|193.74|193.83|190.81|191.01|187.3|29387900
2019-07-18|191.29|192.79|190.69|192.42|188.68|28877000
2019-07-17|193.15|193.49|192.18|192.2|188.47|16765100
2019-07-16|193.91|194.09|192.56|193.15|189.4|20190900
2019-07-15|193.98|194.19|193.44|194.15|190.38|15606100
2019-07-12|192.63|193.54|192.45|193.53|189.77|20211900
2019-07-11|192.85|193.34|191.81|192.42|188.68|23736100
2019-07-10|191.82|193.09|191.47|192.56|188.82|28374500
2019-07-09|188.81|190.9|188.65|190.66|186.96|19193500
2019-07-08|189.81|189.87|188.93|189.71|186.03|17598800
2019-07-05|190.13|191.4|189.39|191.05|187.34|21415600
2019-07-03|190.49|191.44|190.29|191.44|187.72|15792100
2019-07-02|189.2|190.03|188.66|190.01|186.32|18035800
2019-07-01|190.32|190.57|188.38|189.26|185.58|31025600
